-0.013513402760823513 -0.023405900164887875 0.0 
-0.011769737888459187 -0.023405900164887875 0.0 
-0.010026073016094861 -0.023405900164887875 0.0 
-0.008282408143730536 -0.023405900164887875 0.0 
-0.006538743271366211 -0.02340590016488787 0.0 
-0.004795078399001887 -0.02340590016488787 0.0 
-0.003051413526637561 -0.02340590016488787 0.0 
-0.0013077486542732355 -0.02340590016488787 0.0 
0.00043591621809109006 -0.02340590016488787 0.0 
0.002179581090455414 -0.02340590016488787 0.0 
0.003923245962819739 -0.023405900164887868 0.0 
0.005666910835184065 -0.023405900164887868 0.0 
0.0074105757075483905 -0.023405900164887868 0.0 
0.009154240579912716 -0.023405900164887868 0.0 
0.010897905452277042 -0.023405900164887868 0.0 
0.012641570324641367 -0.023405900164887868 0.0 
0.014385235197005693 -0.023405900164887864 0.0 
0.016128900069370018 -0.023405900164887864 0.0 
0.01787256494173434 -0.023405900164887864 0.0 
0.019616229814098666 -0.023405900164887864 0.0 
0.02135989468646299 -0.023405900164887864 0.0 
0.023103559558827317 -0.023405900164887864 0.0 
0.024847224431191643 -0.02340590016488786 0.0 
0.026590889303555968 -0.02340590016488786 0.0 
0.028334554175920294 -0.02340590016488786 0.0 
0.03007821904828462 -0.02340590016488786 0.0 
0.03182188392064894 -0.02340590016488786 0.0 
0.03356554879301327 -0.02340590016488786 0.0 
0.03530921366537759 -0.02340590016488786 0.0 
0.03705287853774192 -0.023405900164887857 0.0 
0.03879654341010624 -0.023405900164887857 0.0 
0.04054020828247057 -0.023405900164887857 0.0 
-0.014385235197005675 -0.02189584208973382 0.0 
-0.01264157032464135 -0.02189584208973382 0.0 
-0.010897905452277024 -0.02189584208973382 0.0 
-0.009154240579912699 -0.02189584208973382 0.0 
-0.007410575707548375 -0.021895842089733816 0.0 
-0.00566691083518405 -0.021895842089733816 0.0 
-0.003923245962819725 -0.021895842089733816 0.0 
-0.0021795810904553987 -0.021895842089733816 0.0 
-0.00043591621809107326 -0.021895842089733816 0.0 
0.0013077486542732507 -0.021895842089733816 0.0 
0.003051413526637576 -0.021895842089733813 0.0 
0.004795078399001901 -0.021895842089733813 0.0 
0.006538743271366227 -0.021895842089733813 0.0 
0.008282408143730553 -0.021895842089733813 0.0 
0.010026073016094879 -0.021895842089733813 0.0 
0.011769737888459204 -0.021895842089733813 0.0 
0.01351340276082353 -0.02189584208973381 0.0 
0.015257067633187855 -0.02189584208973381 0.0 
0.017000732505552178 -0.02189584208973381 0.0 
0.018744397377916503 -0.02189584208973381 0.0 
0.02048806225028083 -0.02189584208973381 0.0 
0.022231727122645154 -0.02189584208973381 0.0 
0.02397539199500948 -0.021895842089733806 0.0 
0.025719056867373805 -0.021895842089733806 0.0 
0.02746272173973813 -0.021895842089733806 0.0 
0.029206386612102456 -0.021895842089733806 0.0 
0.03095005148446678 -0.021895842089733806 0.0 
0.032693716356831104 -0.021895842089733806 0.0 
0.03443738122919543 -0.021895842089733806 0.0 
0.036181046101559755 -0.021895842089733802 0.0 
0.03792471097392408 -0.021895842089733802 0.0 
0.039668375846288406 -0.021895842089733802 0.0 
-0.01525706763318784 -0.02038578401457976 0.0 
-0.013513402760823514 -0.02038578401457976 0.0 
-0.011769737888459189 -0.02038578401457976 0.0 
-0.010026073016094863 -0.02038578401457976 0.0 
-0.008282408143730538 -0.020385784014579758 0.0 
-0.006538743271366213 -0.020385784014579758 0.0 
-0.0047950783990018874 -0.020385784014579758 0.0 
-0.003051413526637562 -0.020385784014579758 0.0 
-0.0013077486542732366 -0.020385784014579758 0.0 
0.00043591621809108724 -0.020385784014579758 0.0 
0.002179581090455413 -0.020385784014579755 0.0 
0.0039232459628197386 -0.020385784014579755 0.0 
0.005666910835184064 -0.020385784014579755 0.0 
0.00741057570754839 -0.020385784014579755 0.0 
0.009154240579912714 -0.020385784014579755 0.0 
0.01089790545227704 -0.020385784014579755 0.0 
0.012641570324641365 -0.02038578401457975 0.0 
0.014385235197005691 -0.02038578401457975 0.0 
0.016128900069370015 -0.02038578401457975 0.0 
0.01787256494173434 -0.02038578401457975 0.0 
0.019616229814098666 -0.02038578401457975 0.0 
0.02135989468646299 -0.02038578401457975 0.0 
0.023103559558827317 -0.020385784014579748 0.0 
0.024847224431191643 -0.020385784014579748 0.0 
0.026590889303555968 -0.020385784014579748 0.0 
0.028334554175920294 -0.020385784014579748 0.0 
0.030078219048284616 -0.020385784014579748 0.0 
0.03182188392064894 -0.020385784014579748 0.0 
0.03356554879301327 -0.020385784014579748 0.0 
0.03530921366537759 -0.020385784014579744 0.0 
0.03705287853774192 -0.020385784014579744 0.0 
0.03879654341010624 -0.020385784014579744 0.0 
-0.01612890006937 -0.018875725939425707 0.0 
-0.014385235197005677 -0.018875725939425707 0.0 
-0.012641570324641352 -0.018875725939425707 0.0 
-0.010897905452277026 -0.018875725939425707 0.0 
-0.0091542405799127 -0.018875725939425703 0.0 
-0.007410575707548377 -0.018875725939425703 0.0 
-0.005666910835184051 -0.018875725939425703 0.0 
-0.0039232459628197255 -0.018875725939425703 0.0 
-0.0021795810904553996 -0.018875725939425703 0.0 
-0.00043591621809107575 -0.018875725939425703 0.0 
0.0013077486542732498 -0.0188757259394257 0.0 
0.0030514135266375753 -0.0188757259394257 0.0 
0.0047950783990019005 -0.0188757259394257 0.0 
0.006538743271366226 -0.0188757259394257 0.0 
0.008282408143730552 -0.0188757259394257 0.0 
0.010026073016094877 -0.0188757259394257 0.0 
0.011769737888459203 -0.018875725939425696 0.0 
0.013513402760823528 -0.018875725939425696 0.0 
0.01525706763318785 -0.018875725939425696 0.0 
0.017000732505552178 -0.018875725939425696 0.0 
0.018744397377916503 -0.018875725939425696 0.0 
0.02048806225028083 -0.018875725939425696 0.0 
0.022231727122645154 -0.018875725939425693 0.0 
0.02397539199500948 -0.018875725939425693 0.0 
0.025719056867373805 -0.018875725939425693 0.0 
0.02746272173973813 -0.018875725939425693 0.0 
0.029206386612102453 -0.018875725939425693 0.0 
0.03095005148446678 -0.018875725939425693 0.0 
0.032693716356831104 -0.018875725939425693 0.0 
0.03443738122919543 -0.01887572593942569 0.0 
0.036181046101559755 -0.01887572593942569 0.0 
0.03792471097392408 -0.01887572593942569 0.0 
-0.017000732505552167 -0.01736566786427165 0.0 
-0.01525706763318784 -0.01736566786427165 0.0 
-0.013513402760823514 -0.01736566786427165 0.0 
-0.011769737888459189 -0.01736566786427165 0.0 
-0.010026073016094865 -0.017365667864271645 0.0 
-0.00828240814373054 -0.017365667864271645 0.0 
-0.006538743271366214 -0.017365667864271645 0.0 
-0.004795078399001888 -0.017365667864271645 0.0 
-0.003051413526637563 -0.017365667864271645 0.0 
-0.0013077486542732394 -0.017365667864271645 0.0 
0.00043591621809108616 -0.01736566786427164 0.0 
0.0021795810904554117 -0.01736566786427164 0.0 
0.003923245962819738 -0.01736566786427164 0.0 
0.005666910835184063 -0.01736566786427164 0.0 
0.007410575707548389 -0.01736566786427164 0.0 
0.009154240579912714 -0.01736566786427164 0.0 
0.01089790545227704 -0.017365667864271638 0.0 
0.012641570324641365 -0.017365667864271638 0.0 
0.014385235197005687 -0.017365667864271638 0.0 
0.01612890006937001 -0.017365667864271638 0.0 
0.017872564941734337 -0.017365667864271638 0.0 
0.019616229814098662 -0.017365667864271638 0.0 
0.021359894686462988 -0.017365667864271635 0.0 
0.023103559558827313 -0.017365667864271635 0.0 
0.02484722443119164 -0.017365667864271635 0.0 
0.026590889303555965 -0.017365667864271635 0.0 
0.028334554175920287 -0.017365667864271635 0.0 
0.030078219048284612 -0.017365667864271635 0.0 
0.03182188392064894 -0.017365667864271635 0.0 
0.03356554879301327 -0.01736566786427163 0.0 
0.03530921366537759 -0.01736566786427163 0.0 
0.03705287853774192 -0.01736566786427163 0.0 
-0.01787256494173433 -0.015855609789117594 0.0 
-0.016128900069370004 -0.015855609789117594 0.0 
-0.014385235197005679 -0.015855609789117594 0.0 
-0.012641570324641353 -0.015855609789117594 0.0 
-0.010897905452277028 -0.01585560978911759 0.0 
-0.009154240579912702 -0.01585560978911759 0.0 
-0.0074105757075483775 -0.01585560978911759 0.0 
-0.005666910835184052 -0.01585560978911759 0.0 
-0.003923245962819726 -0.01585560978911759 0.0 
-0.0021795810904554026 -0.01585560978911759 0.0 
-0.00043591621809107705 -0.015855609789117587 0.0 
0.0013077486542732485 -0.015855609789117587 0.0 
0.003051413526637574 -0.015855609789117587 0.0 
0.0047950783990019 -0.015855609789117587 0.0 
0.006538743271366225 -0.015855609789117587 0.0 
0.00828240814373055 -0.015855609789117587 0.0 
0.010026073016094875 -0.015855609789117583 0.0 
0.011769737888459201 -0.015855609789117583 0.0 
0.013513402760823523 -0.015855609789117583 0.0 
0.015257067633187849 -0.015855609789117583 0.0 
0.017000732505552174 -0.015855609789117583 0.0 
0.0187443973779165 -0.015855609789117583 0.0 
0.020488062250280825 -0.01585560978911758 0.0 
0.02223172712264515 -0.01585560978911758 0.0 
0.023975391995009476 -0.01585560978911758 0.0 
0.025719056867373802 -0.01585560978911758 0.0 
0.027462721739738124 -0.01585560978911758 0.0 
0.02920638661210245 -0.01585560978911758 0.0 
0.030950051484466775 -0.01585560978911758 0.0 
0.032693716356831104 -0.015855609789117577 0.0 
0.03443738122919543 -0.015855609789117577 0.0 
0.036181046101559755 -0.015855609789117577 0.0 
-0.018744397377916493 -0.014345551713963539 0.0 
-0.017000732505552167 -0.014345551713963539 0.0 
-0.015257067633187842 -0.014345551713963539 0.0 
-0.013513402760823516 -0.014345551713963539 0.0 
-0.01176973788845919 -0.014345551713963536 0.0 
-0.010026073016094865 -0.014345551713963536 0.0 
-0.00828240814373054 -0.014345551713963536 0.0 
-0.006538743271366215 -0.014345551713963536 0.0 
-0.004795078399001889 -0.014345551713963536 0.0 
-0.0030514135266375654 -0.014345551713963536 0.0 
-0.0013077486542732398 -0.014345551713963532 0.0 
0.0004359162180910857 -0.014345551713963532 0.0 
0.0021795810904554113 -0.014345551713963532 0.0 
0.003923245962819737 -0.014345551713963532 0.0 
0.005666910835184062 -0.014345551713963532 0.0 
0.007410575707548388 -0.014345551713963532 0.0 
0.009154240579912713 -0.014345551713963529 0.0 
0.010897905452277038 -0.014345551713963529 0.0 
0.01264157032464136 -0.014345551713963529 0.0 
0.014385235197005686 -0.014345551713963529 0.0 
0.01612890006937001 -0.014345551713963529 0.0 
0.017872564941734337 -0.014345551713963529 0.0 
0.019616229814098662 -0.014345551713963525 0.0 
0.021359894686462988 -0.014345551713963525 0.0 
0.023103559558827313 -0.014345551713963525 0.0 
0.02484722443119164 -0.014345551713963525 0.0 
0.02659088930355596 -0.014345551713963525 0.0 
0.028334554175920287 -0.014345551713963525 0.0 
0.030078219048284612 -0.014345551713963525 0.0 
0.03182188392064894 -0.014345551713963522 0.0 
0.03356554879301327 -0.014345551713963522 0.0 
0.03530921366537759 -0.014345551713963522 0.0 
-0.019616229814098655 -0.012835493638809481 0.0 
-0.01787256494173433 -0.012835493638809481 0.0 
-0.016128900069370004 -0.012835493638809481 0.0 
-0.014385235197005679 -0.012835493638809481 0.0 
-0.012641570324641355 -0.012835493638809477 0.0 
-0.010897905452277031 -0.012835493638809477 0.0 
-0.009154240579912706 -0.012835493638809477 0.0 
-0.007410575707548379 -0.012835493638809477 0.0 
-0.005666910835184054 -0.012835493638809477 0.0 
-0.00392324596281973 -0.012835493638809477 0.0 
-0.0021795810904554043 -0.012835493638809474 0.0 
-0.0004359162180910788 -0.012835493638809474 0.0 
0.0013077486542732468 -0.012835493638809474 0.0 
0.0030514135266375723 -0.012835493638809474 0.0 
0.004795078399001898 -0.012835493638809474 0.0 
0.006538743271366223 -0.012835493638809474 0.0 
0.00828240814373055 -0.01283549363880947 0.0 
0.010026073016094875 -0.01283549363880947 0.0 
0.011769737888459197 -0.01283549363880947 0.0 
0.013513402760823523 -0.01283549363880947 0.0 
0.015257067633187849 -0.01283549363880947 0.0 
0.017000732505552174 -0.01283549363880947 0.0 
0.0187443973779165 -0.012835493638809467 0.0 
0.020488062250280825 -0.012835493638809467 0.0 
0.02223172712264515 -0.012835493638809467 0.0 
0.023975391995009476 -0.012835493638809467 0.0 
0.0257190568673738 -0.012835493638809467 0.0 
0.027462721739738124 -0.012835493638809467 0.0 
0.02920638661210245 -0.012835493638809467 0.0 
0.030950051484466775 -0.012835493638809464 0.0 
0.0326937163568311 -0.012835493638809464 0.0 
0.03443738122919542 -0.012835493638809464 0.0 
-0.020488062250280818 -0.011325435563655424 0.0 
-0.018744397377916493 -0.011325435563655424 0.0 
-0.017000732505552167 -0.011325435563655424 0.0 
-0.015257067633187842 -0.011325435563655424 0.0 
-0.013513402760823518 -0.011325435563655421 0.0 
-0.011769737888459194 -0.011325435563655421 0.0 
-0.010026073016094868 -0.011325435563655421 0.0 
-0.008282408143730543 -0.011325435563655421 0.0 
-0.0065387432713662165 -0.011325435563655421 0.0 
-0.004795078399001893 -0.011325435563655421 0.0 
-0.003051413526637567 -0.011325435563655417 0.0 
-0.0013077486542732416 -0.011325435563655417 0.0 
0.000435916218091084 -0.011325435563655417 0.0 
0.0021795810904554095 -0.011325435563655417 0.0 
0.003923245962819735 -0.011325435563655417 0.0 
0.005666910835184061 -0.011325435563655417 0.0 
0.007410575707548386 -0.011325435563655414 0.0 
0.009154240579912713 -0.011325435563655414 0.0 
0.010897905452277035 -0.011325435563655414 0.0 
0.01264157032464136 -0.011325435563655414 0.0 
0.014385235197005686 -0.011325435563655414 0.0 
0.01612890006937001 -0.011325435563655414 0.0 
0.017872564941734337 -0.01132543556365541 0.0 
0.019616229814098662 -0.01132543556365541 0.0 
0.021359894686462988 -0.01132543556365541 0.0 
0.023103559558827313 -0.01132543556365541 0.0 
0.024847224431191636 -0.01132543556365541 0.0 
0.02659088930355596 -0.01132543556365541 0.0 
0.028334554175920287 -0.01132543556365541 0.0 
0.030078219048284612 -0.011325435563655407 0.0 
0.031821883920648934 -0.011325435563655407 0.0 
0.03356554879301326 -0.011325435563655407 0.0 
-0.02135989468646298 -0.009815377488501371 0.0 
-0.019616229814098655 -0.009815377488501371 0.0 
-0.01787256494173433 -0.009815377488501371 0.0 
-0.016128900069370004 -0.009815377488501371 0.0 
-0.014385235197005682 -0.009815377488501368 0.0 
-0.012641570324641357 -0.009815377488501368 0.0 
-0.010897905452277031 -0.009815377488501368 0.0 
-0.009154240579912706 -0.009815377488501368 0.0 
-0.00741057570754838 -0.009815377488501368 0.0 
-0.005666910835184056 -0.009815377488501368 0.0 
-0.003923245962819731 -0.009815377488501364 0.0 
-0.002179581090455405 -0.009815377488501364 0.0 
-0.00043591621809107965 -0.009815377488501364 0.0 
0.001307748654273246 -0.009815377488501364 0.0 
0.0030514135266375714 -0.009815377488501364 0.0 
0.004795078399001897 -0.009815377488501364 0.0 
0.0065387432713662225 -0.009815377488501361 0.0 
0.008282408143730548 -0.009815377488501361 0.0 
0.01002607301609487 -0.009815377488501361 0.0 
0.011769737888459196 -0.009815377488501361 0.0 
0.013513402760823521 -0.009815377488501361 0.0 
0.015257067633187847 -0.009815377488501361 0.0 
0.017000732505552174 -0.009815377488501358 0.0 
0.0187443973779165 -0.009815377488501358 0.0 
0.020488062250280825 -0.009815377488501358 0.0 
0.02223172712264515 -0.009815377488501358 0.0 
0.02397539199500947 -0.009815377488501358 0.0 
0.025719056867373795 -0.009815377488501358 0.0 
0.02746272173973812 -0.009815377488501358 0.0 
0.029206386612102446 -0.009815377488501354 0.0 
0.03095005148446677 -0.009815377488501354 0.0 
0.0326937163568311 -0.009815377488501354 0.0 
-0.022231727122645144 -0.008305319413347313 0.0 
-0.020488062250280818 -0.008305319413347313 0.0 
-0.018744397377916493 -0.008305319413347313 0.0 
-0.017000732505552167 -0.008305319413347313 0.0 
-0.015257067633187845 -0.00830531941334731 0.0 
-0.01351340276082352 -0.00830531941334731 0.0 
-0.011769737888459194 -0.00830531941334731 0.0 
-0.010026073016094868 -0.00830531941334731 0.0 
-0.008282408143730543 -0.00830531941334731 0.0 
-0.006538743271366219 -0.00830531941334731 0.0 
-0.0047950783990018935 -0.008305319413347306 0.0 
-0.003051413526637568 -0.008305319413347306 0.0 
-0.0013077486542732424 -0.008305319413347306 0.0 
0.0004359162180910831 -0.008305319413347306 0.0 
0.0021795810904554087 -0.008305319413347306 0.0 
0.003923245962819734 -0.008305319413347306 0.0 
0.00566691083518406 -0.008305319413347303 0.0 
0.007410575707548385 -0.008305319413347303 0.0 
0.009154240579912707 -0.008305319413347303 0.0 
0.010897905452277033 -0.008305319413347303 0.0 
0.012641570324641358 -0.008305319413347303 0.0 
0.014385235197005684 -0.008305319413347303 0.0 
0.01612890006937001 -0.0083053194133473 0.0 
0.017872564941734337 -0.0083053194133473 0.0 
0.019616229814098662 -0.0083053194133473 0.0 
0.021359894686462988 -0.0083053194133473 0.0 
0.023103559558827307 -0.0083053194133473 0.0 
0.024847224431191632 -0.0083053194133473 0.0 
0.026590889303555958 -0.0083053194133473 0.0 
0.028334554175920283 -0.008305319413347296 0.0 
0.03007821904828461 -0.008305319413347296 0.0 
0.031821883920648934 -0.008305319413347296 0.0 
-0.023103559558827307 -0.0067952613381932585 0.0 
-0.02135989468646298 -0.0067952613381932585 0.0 
-0.019616229814098655 -0.0067952613381932585 0.0 
-0.01787256494173433 -0.0067952613381932585 0.0 
-0.016128900069370008 -0.006795261338193255 0.0 
-0.014385235197005682 -0.006795261338193255 0.0 
-0.012641570324641357 -0.006795261338193255 0.0 
-0.010897905452277031 -0.006795261338193255 0.0 
-0.009154240579912706 -0.006795261338193255 0.0 
-0.007410575707548382 -0.006795261338193255 0.0 
-0.005666910835184056 -0.0067952613381932515 0.0 
-0.003923245962819731 -0.0067952613381932515 0.0 
-0.002179581090455405 -0.0067952613381932515 0.0 
-0.00043591621809107965 -0.0067952613381932515 0.0 
0.001307748654273246 -0.0067952613381932515 0.0 
0.0030514135266375714 -0.0067952613381932515 0.0 
0.004795078399001897 -0.006795261338193248 0.0 
0.0065387432713662225 -0.006795261338193248 0.0 
0.008282408143730545 -0.006795261338193248 0.0 
0.01002607301609487 -0.006795261338193248 0.0 
0.011769737888459196 -0.006795261338193248 0.0 
0.013513402760823521 -0.006795261338193248 0.0 
0.015257067633187847 -0.006795261338193245 0.0 
0.017000732505552174 -0.006795261338193245 0.0 
0.0187443973779165 -0.006795261338193245 0.0 
0.020488062250280825 -0.006795261338193245 0.0 
0.022231727122645144 -0.006795261338193245 0.0 
0.02397539199500947 -0.006795261338193245 0.0 
0.025719056867373795 -0.006795261338193245 0.0 
0.02746272173973812 -0.006795261338193241 0.0 
0.029206386612102446 -0.006795261338193241 0.0 
0.03095005148446677 -0.006795261338193241 0.0 
-0.02397539199500947 -0.005285203263039204 0.0 
-0.022231727122645144 -0.005285203263039204 0.0 
-0.020488062250280818 -0.005285203263039204 0.0 
-0.018744397377916493 -0.005285203263039204 0.0 
-0.01700073250555217 -0.0052852032630392 0.0 
-0.015257067633187845 -0.0052852032630392 0.0 
-0.01351340276082352 -0.0052852032630392 0.0 
-0.011769737888459194 -0.0052852032630392 0.0 
-0.010026073016094868 -0.0052852032630392 0.0 
-0.008282408143730545 -0.0052852032630392 0.0 
-0.006538743271366219 -0.005285203263039197 0.0 
-0.0047950783990018935 -0.005285203263039197 0.0 
-0.003051413526637568 -0.005285203263039197 0.0 
-0.0013077486542732424 -0.005285203263039197 0.0 
0.0004359162180910831 -0.005285203263039197 0.0 
0.0021795810904554087 -0.005285203263039197 0.0 
0.003923245962819734 -0.005285203263039193 0.0 
0.00566691083518406 -0.005285203263039193 0.0 
0.007410575707548382 -0.005285203263039193 0.0 
0.009154240579912707 -0.005285203263039193 0.0 
0.010897905452277033 -0.005285203263039193 0.0 
0.012641570324641358 -0.005285203263039193 0.0 
0.014385235197005684 -0.00528520326303919 0.0 
0.01612890006937001 -0.00528520326303919 0.0 
0.017872564941734337 -0.00528520326303919 0.0 
0.019616229814098662 -0.00528520326303919 0.0 
0.02135989468646298 -0.00528520326303919 0.0 
0.023103559558827307 -0.00528520326303919 0.0 
0.024847224431191632 -0.00528520326303919 0.0 
0.026590889303555958 -0.005285203263039186 0.0 
0.028334554175920283 -0.005285203263039186 0.0 
0.03007821904828461 -0.005285203263039186 0.0 
-0.02484722443119164 -0.0037751451878851455 0.0 
-0.023103559558827313 -0.0037751451878851455 0.0 
-0.021359894686462988 -0.0037751451878851455 0.0 
-0.019616229814098662 -0.0037751451878851455 0.0 
-0.017872564941734337 -0.003775145187885142 0.0 
-0.01612890006937001 -0.003775145187885142 0.0 
-0.014385235197005686 -0.003775145187885142 0.0 
-0.01264157032464136 -0.003775145187885142 0.0 
-0.010897905452277035 -0.003775145187885142 0.0 
-0.00915424057991271 -0.003775145187885142 0.0 
-0.007410575707548385 -0.0037751451878851386 0.0 
-0.00566691083518406 -0.0037751451878851386 0.0 
-0.003923245962819734 -0.0037751451878851386 0.0 
-0.0021795810904554087 -0.0037751451878851386 0.0 
-0.0004359162180910831 -0.0037751451878851386 0.0 
0.0013077486542732424 -0.0037751451878851386 0.0 
0.003051413526637568 -0.003775145187885135 0.0 
0.0047950783990018935 -0.003775145187885135 0.0 
0.006538743271366216 -0.003775145187885135 0.0 
0.008282408143730541 -0.003775145187885135 0.0 
0.010026073016094867 -0.003775145187885135 0.0 
0.011769737888459192 -0.003775145187885135 0.0 
0.013513402760823518 -0.0037751451878851316 0.0 
0.015257067633187843 -0.0037751451878851316 0.0 
0.017000732505552167 -0.0037751451878851316 0.0 
0.018744397377916493 -0.0037751451878851316 0.0 
0.020488062250280818 -0.0037751451878851316 0.0 
0.022231727122645144 -0.0037751451878851316 0.0 
0.02397539199500947 -0.0037751451878851316 0.0 
0.025719056867373795 -0.003775145187885128 0.0 
0.02746272173973812 -0.003775145187885128 0.0 
0.029206386612102446 -0.003775145187885128 0.0 
-0.025719056867373802 -0.0022650871127310873 0.0 
-0.023975391995009476 -0.0022650871127310873 0.0 
-0.02223172712264515 -0.0022650871127310873 0.0 
-0.020488062250280825 -0.0022650871127310873 0.0 
-0.0187443973779165 -0.002265087112731084 0.0 
-0.017000732505552174 -0.002265087112731084 0.0 
-0.015257067633187849 -0.002265087112731084 0.0 
-0.013513402760823523 -0.002265087112731084 0.0 
-0.011769737888459197 -0.002265087112731084 0.0 
-0.010026073016094874 -0.002265087112731084 0.0 
-0.008282408143730548 -0.0022650871127310804 0.0 
-0.0065387432713662225 -0.0022650871127310804 0.0 
-0.004795078399001897 -0.0022650871127310804 0.0 
-0.0030514135266375714 -0.0022650871127310804 0.0 
-0.001307748654273246 -0.0022650871127310804 0.0 
0.00043591621809107965 -0.0022650871127310804 0.0 
0.002179581090455405 -0.002265087112731077 0.0 
0.003923245962819731 -0.002265087112731077 0.0 
0.005666910835184053 -0.002265087112731077 0.0 
0.007410575707548378 -0.002265087112731077 0.0 
0.009154240579912704 -0.002265087112731077 0.0 
0.01089790545227703 -0.002265087112731077 0.0 
0.012641570324641355 -0.0022650871127310734 0.0 
0.01438523519700568 -0.0022650871127310734 0.0 
0.016128900069370004 -0.0022650871127310734 0.0 
0.01787256494173433 -0.0022650871127310734 0.0 
0.019616229814098655 -0.0022650871127310734 0.0 
0.02135989468646298 -0.0022650871127310734 0.0 
0.023103559558827307 -0.0022650871127310734 0.0 
0.024847224431191632 -0.00226508711273107 0.0 
0.026590889303555958 -0.00226508711273107 0.0 
0.028334554175920283 -0.00226508711273107 0.0 
-0.026590889303555965 -0.0007550290375770326 0.0 
-0.02484722443119164 -0.0007550290375770326 0.0 
-0.023103559558827313 -0.0007550290375770326 0.0 
-0.021359894686462988 -0.0007550290375770326 0.0 
-0.019616229814098662 -0.0007550290375770291 0.0 
-0.017872564941734337 -0.0007550290375770291 0.0 
-0.01612890006937001 -0.0007550290375770291 0.0 
-0.014385235197005686 -0.0007550290375770291 0.0 
-0.01264157032464136 -0.0007550290375770291 0.0 
-0.010897905452277036 -0.0007550290375770291 0.0 
-0.00915424057991271 -0.0007550290375770256 0.0 
-0.007410575707548385 -0.0007550290375770256 0.0 
-0.00566691083518406 -0.0007550290375770256 0.0 
-0.003923245962819734 -0.0007550290375770256 0.0 
-0.0021795810904554087 -0.0007550290375770256 0.0 
-0.0004359162180910831 -0.0007550290375770256 0.0 
0.0013077486542732424 -0.0007550290375770222 0.0 
0.003051413526637568 -0.0007550290375770222 0.0 
0.00479507839900189 -0.0007550290375770222 0.0 
0.006538743271366216 -0.0007550290375770222 0.0 
0.008282408143730541 -0.0007550290375770222 0.0 
0.010026073016094867 -0.0007550290375770222 0.0 
0.011769737888459192 -0.0007550290375770187 0.0 
0.013513402760823518 -0.0007550290375770187 0.0 
0.015257067633187843 -0.0007550290375770187 0.0 
0.017000732505552167 -0.0007550290375770187 0.0 
0.018744397377916493 -0.0007550290375770187 0.0 
0.020488062250280818 -0.0007550290375770187 0.0 
0.022231727122645144 -0.0007550290375770187 0.0 
0.02397539199500947 -0.0007550290375770152 0.0 
0.025719056867373795 -0.0007550290375770152 0.0 
0.02746272173973812 -0.0007550290375770152 0.0 
-0.027462721739738127 0.0007550290375770256 0.0 
-0.025719056867373802 0.0007550290375770256 0.0 
-0.023975391995009476 0.0007550290375770256 0.0 
-0.02223172712264515 0.0007550290375770256 0.0 
-0.020488062250280825 0.0007550290375770291 0.0 
-0.0187443973779165 0.0007550290375770291 0.0 
-0.017000732505552174 0.0007550290375770291 0.0 
-0.015257067633187849 0.0007550290375770291 0.0 
-0.013513402760823523 0.0007550290375770291 0.0 
-0.0117697378884592 0.0007550290375770291 0.0 
-0.010026073016094874 0.0007550290375770326 0.0 
-0.008282408143730548 0.0007550290375770326 0.0 
-0.0065387432713662225 0.0007550290375770326 0.0 
-0.004795078399001897 0.0007550290375770326 0.0 
-0.0030514135266375714 0.0007550290375770326 0.0 
-0.001307748654273246 0.0007550290375770326 0.0 
0.00043591621809107965 0.000755029037577036 0.0 
0.002179581090455405 0.000755029037577036 0.0 
0.003923245962819727 0.000755029037577036 0.0 
0.005666910835184053 0.000755029037577036 0.0 
0.007410575707548378 0.000755029037577036 0.0 
0.009154240579912704 0.000755029037577036 0.0 
0.01089790545227703 0.0007550290375770395 0.0 
0.012641570324641355 0.0007550290375770395 0.0 
0.01438523519700568 0.0007550290375770395 0.0 
0.016128900069370004 0.0007550290375770395 0.0 
0.01787256494173433 0.0007550290375770395 0.0 
0.019616229814098655 0.0007550290375770395 0.0 
0.02135989468646298 0.0007550290375770395 0.0 
0.023103559558827307 0.000755029037577043 0.0 
0.024847224431191632 0.000755029037577043 0.0 
0.026590889303555958 0.000755029037577043 0.0 
-0.02833455417592029 0.0022650871127310804 0.0 
-0.026590889303555965 0.0022650871127310804 0.0 
-0.02484722443119164 0.0022650871127310804 0.0 
-0.023103559558827313 0.0022650871127310804 0.0 
-0.021359894686462988 0.002265087112731084 0.0 
-0.019616229814098662 0.002265087112731084 0.0 
-0.017872564941734337 0.002265087112731084 0.0 
-0.01612890006937001 0.002265087112731084 0.0 
-0.014385235197005686 0.002265087112731084 0.0 
-0.012641570324641362 0.002265087112731084 0.0 
-0.010897905452277036 0.0022650871127310873 0.0 
-0.00915424057991271 0.0022650871127310873 0.0 
-0.007410575707548385 0.0022650871127310873 0.0 
-0.00566691083518406 0.0022650871127310873 0.0 
-0.003923245962819734 0.0022650871127310873 0.0 
-0.0021795810904554087 0.0022650871127310873 0.0 
-0.0004359162180910831 0.002265087112731091 0.0 
0.0013077486542732424 0.002265087112731091 0.0 
0.0030514135266375645 0.002265087112731091 0.0 
0.00479507839900189 0.002265087112731091 0.0 
0.006538743271366216 0.002265087112731091 0.0 
0.008282408143730541 0.002265087112731091 0.0 
0.010026073016094867 0.0022650871127310943 0.0 
0.011769737888459192 0.0022650871127310943 0.0 
0.013513402760823518 0.0022650871127310943 0.0 
0.015257067633187843 0.0022650871127310943 0.0 
0.017000732505552167 0.0022650871127310943 0.0 
0.018744397377916493 0.0022650871127310943 0.0 
0.020488062250280818 0.0022650871127310943 0.0 
0.022231727122645144 0.0022650871127310977 0.0 
0.02397539199500947 0.0022650871127310977 0.0 
0.025719056867373795 0.0022650871127310977 0.0 
-0.029206386612102453 0.0037751451878851316 0.0 
-0.027462721739738127 0.0037751451878851316 0.0 
-0.025719056867373802 0.0037751451878851316 0.0 
-0.023975391995009476 0.0037751451878851316 0.0 
-0.02223172712264515 0.003775145187885135 0.0 
-0.020488062250280825 0.003775145187885135 0.0 
-0.0187443973779165 0.003775145187885135 0.0 
-0.017000732505552174 0.003775145187885135 0.0 
-0.01525706763318785 0.003775145187885135 0.0 
-0.013513402760823526 0.003775145187885135 0.0 
-0.011769737888459201 0.0037751451878851386 0.0 
-0.010026073016094875 0.0037751451878851386 0.0 
-0.00828240814373055 0.0037751451878851386 0.0 
-0.006538743271366224 0.0037751451878851386 0.0 
-0.004795078399001899 0.0037751451878851386 0.0 
-0.003051413526637573 0.0037751451878851386 0.0 
-0.0013077486542732476 0.003775145187885142 0.0 
0.0004359162180910779 0.003775145187885142 0.0 
0.0021795810904554 0.003775145187885142 0.0 
0.0039232459628197255 0.003775145187885142 0.0 
0.005666910835184051 0.003775145187885142 0.0 
0.007410575707548377 0.003775145187885142 0.0 
0.009154240579912702 0.0037751451878851455 0.0 
0.010897905452277028 0.0037751451878851455 0.0 
0.012641570324641353 0.0037751451878851455 0.0 
0.014385235197005679 0.0037751451878851455 0.0 
0.01612890006937 0.0037751451878851455 0.0 
0.017872564941734326 0.0037751451878851455 0.0 
0.019616229814098652 0.0037751451878851455 0.0 
0.021359894686462978 0.003775145187885149 0.0 
0.023103559558827303 0.003775145187885149 0.0 
0.02484722443119163 0.003775145187885149 0.0 
-0.030078219048284616 0.005285203263039193 0.0 
-0.02833455417592029 0.005285203263039193 0.0 
-0.026590889303555965 0.005285203263039193 0.0 
-0.02484722443119164 0.005285203263039193 0.0 
-0.023103559558827313 0.005285203263039197 0.0 
-0.021359894686462988 0.005285203263039197 0.0 
-0.019616229814098662 0.005285203263039197 0.0 
-0.017872564941734337 0.005285203263039197 0.0 
-0.01612890006937001 0.005285203263039197 0.0 
-0.01438523519700569 0.005285203263039197 0.0 
-0.012641570324641364 0.0052852032630392 0.0 
-0.010897905452277038 0.0052852032630392 0.0 
-0.009154240579912713 0.0052852032630392 0.0 
-0.007410575707548387 0.0052852032630392 0.0 
-0.0056669108351840615 0.0052852032630392 0.0 
-0.003923245962819736 0.0052852032630392 0.0 
-0.0021795810904554104 0.005285203263039204 0.0 
-0.00043591621809108486 0.005285203263039204 0.0 
0.0013077486542732372 0.005285203263039204 0.0 
0.0030514135266375628 0.005285203263039204 0.0 
0.004795078399001888 0.005285203263039204 0.0 
0.006538743271366214 0.005285203263039204 0.0 
0.00828240814373054 0.005285203263039207 0.0 
0.010026073016094865 0.005285203263039207 0.0 
0.01176973788845919 0.005285203263039207 0.0 
0.013513402760823516 0.005285203263039207 0.0 
0.015257067633187838 0.005285203263039207 0.0 
0.017000732505552164 0.005285203263039207 0.0 
0.01874439737791649 0.005285203263039207 0.0 
0.020488062250280815 0.005285203263039211 0.0 
0.02223172712264514 0.005285203263039211 0.0 
0.023975391995009466 0.005285203263039211 0.0 
-0.03095005148446678 0.006795261338193248 0.0 
-0.029206386612102453 0.006795261338193248 0.0 
-0.027462721739738127 0.006795261338193248 0.0 
-0.025719056867373802 0.006795261338193248 0.0 
-0.023975391995009476 0.0067952613381932515 0.0 
-0.02223172712264515 0.0067952613381932515 0.0 
-0.020488062250280825 0.0067952613381932515 0.0 
-0.0187443973779165 0.0067952613381932515 0.0 
-0.017000732505552174 0.0067952613381932515 0.0 
-0.015257067633187852 0.0067952613381932515 0.0 
-0.013513402760823526 0.006795261338193255 0.0 
-0.011769737888459201 0.006795261338193255 0.0 
-0.010026073016094875 0.006795261338193255 0.0 
-0.00828240814373055 0.006795261338193255 0.0 
-0.006538743271366224 0.006795261338193255 0.0 
-0.004795078399001899 0.006795261338193255 0.0 
-0.003051413526637573 0.0067952613381932585 0.0 
-0.0013077486542732476 0.0067952613381932585 0.0 
0.00043591621809107445 0.0067952613381932585 0.0 
0.0021795810904554 0.0067952613381932585 0.0 
0.0039232459628197255 0.0067952613381932585 0.0 
0.005666910835184051 0.0067952613381932585 0.0 
0.007410575707548377 0.006795261338193262 0.0 
0.009154240579912702 0.006795261338193262 0.0 
0.010897905452277028 0.006795261338193262 0.0 
0.012641570324641353 0.006795261338193262 0.0 
0.014385235197005675 0.006795261338193262 0.0 
0.01612890006937 0.006795261338193262 0.0 
0.017872564941734326 0.006795261338193262 0.0 
0.019616229814098652 0.006795261338193265 0.0 
0.021359894686462978 0.006795261338193265 0.0 
0.023103559558827303 0.006795261338193265 0.0 
-0.03182188392064894 0.008305319413347306 0.0 
-0.030078219048284616 0.008305319413347306 0.0 
-0.02833455417592029 0.008305319413347306 0.0 
-0.026590889303555965 0.008305319413347306 0.0 
-0.02484722443119164 0.00830531941334731 0.0 
-0.023103559558827313 0.00830531941334731 0.0 
-0.021359894686462988 0.00830531941334731 0.0 
-0.019616229814098662 0.00830531941334731 0.0 
-0.017872564941734337 0.00830531941334731 0.0 
-0.016128900069370015 0.00830531941334731 0.0 
-0.01438523519700569 0.008305319413347313 0.0 
-0.012641570324641364 0.008305319413347313 0.0 
-0.010897905452277038 0.008305319413347313 0.0 
-0.009154240579912713 0.008305319413347313 0.0 
-0.007410575707548387 0.008305319413347313 0.0 
-0.0056669108351840615 0.008305319413347313 0.0 
-0.003923245962819736 0.008305319413347317 0.0 
-0.0021795810904554104 0.008305319413347317 0.0 
-0.0004359162180910883 0.008305319413347317 0.0 
0.0013077486542732372 0.008305319413347317 0.0 
0.0030514135266375628 0.008305319413347317 0.0 
0.004795078399001888 0.008305319413347317 0.0 
0.006538743271366214 0.00830531941334732 0.0 
0.00828240814373054 0.00830531941334732 0.0 
0.010026073016094865 0.00830531941334732 0.0 
0.01176973788845919 0.00830531941334732 0.0 
0.013513402760823513 0.00830531941334732 0.0 
0.015257067633187838 0.00830531941334732 0.0 
0.017000732505552164 0.00830531941334732 0.0 
0.01874439737791649 0.008305319413347324 0.0 
0.020488062250280815 0.008305319413347324 0.0 
0.02223172712264514 0.008305319413347324 0.0 
-0.032693716356831104 0.009815377488501358 0.0 
-0.03095005148446678 0.009815377488501358 0.0 
-0.029206386612102453 0.009815377488501358 0.0 
-0.027462721739738127 0.009815377488501358 0.0 
-0.025719056867373802 0.009815377488501361 0.0 
-0.023975391995009476 0.009815377488501361 0.0 
-0.02223172712264515 0.009815377488501361 0.0 
-0.020488062250280825 0.009815377488501361 0.0 
-0.0187443973779165 0.009815377488501361 0.0 
-0.017000732505552178 0.009815377488501361 0.0 
-0.015257067633187852 0.009815377488501364 0.0 
-0.013513402760823526 0.009815377488501364 0.0 
-0.011769737888459201 0.009815377488501364 0.0 
-0.010026073016094875 0.009815377488501364 0.0 
-0.00828240814373055 0.009815377488501364 0.0 
-0.006538743271366224 0.009815377488501364 0.0 
-0.004795078399001899 0.009815377488501368 0.0 
-0.003051413526637573 0.009815377488501368 0.0 
-0.001307748654273251 0.009815377488501368 0.0 
0.00043591621809107445 0.009815377488501368 0.0 
0.0021795810904554 0.009815377488501368 0.0 
0.0039232459628197255 0.009815377488501368 0.0 
0.005666910835184051 0.009815377488501371 0.0 
0.007410575707548377 0.009815377488501371 0.0 
0.009154240579912702 0.009815377488501371 0.0 
0.010897905452277028 0.009815377488501371 0.0 
0.01264157032464135 0.009815377488501371 0.0 
0.014385235197005675 0.009815377488501371 0.0 
0.01612890006937 0.009815377488501371 0.0 
0.017872564941734326 0.009815377488501375 0.0 
0.019616229814098652 0.009815377488501375 0.0 
0.021359894686462978 0.009815377488501375 0.0 
-0.03356554879301327 0.011325435563655416 0.0 
-0.03182188392064894 0.011325435563655416 0.0 
-0.030078219048284616 0.011325435563655416 0.0 
-0.02833455417592029 0.011325435563655416 0.0 
-0.026590889303555965 0.01132543556365542 0.0 
-0.02484722443119164 0.01132543556365542 0.0 
-0.023103559558827313 0.01132543556365542 0.0 
-0.021359894686462988 0.01132543556365542 0.0 
-0.019616229814098662 0.01132543556365542 0.0 
-0.01787256494173434 0.01132543556365542 0.0 
-0.016128900069370015 0.011325435563655423 0.0 
-0.01438523519700569 0.011325435563655423 0.0 
-0.012641570324641364 0.011325435563655423 0.0 
-0.010897905452277038 0.011325435563655423 0.0 
-0.009154240579912713 0.011325435563655423 0.0 
-0.007410575707548387 0.011325435563655423 0.0 
-0.0056669108351840615 0.011325435563655426 0.0 
-0.003923245962819736 0.011325435563655426 0.0 
-0.002179581090455414 0.011325435563655426 0.0 
-0.0004359162180910883 0.011325435563655426 0.0 
0.0013077486542732372 0.011325435563655426 0.0 
0.0030514135266375628 0.011325435563655426 0.0 
0.004795078399001888 0.01132543556365543 0.0 
0.006538743271366214 0.01132543556365543 0.0 
0.00828240814373054 0.01132543556365543 0.0 
0.010026073016094865 0.01132543556365543 0.0 
0.011769737888459187 0.01132543556365543 0.0 
0.013513402760823513 0.01132543556365543 0.0 
0.015257067633187838 0.01132543556365543 0.0 
0.017000732505552164 0.011325435563655433 0.0 
0.01874439737791649 0.011325435563655433 0.0 
0.020488062250280815 0.011325435563655433 0.0 
-0.03443738122919543 0.012835493638809467 0.0 
-0.032693716356831104 0.012835493638809467 0.0 
-0.03095005148446678 0.012835493638809467 0.0 
-0.029206386612102453 0.012835493638809467 0.0 
-0.027462721739738127 0.01283549363880947 0.0 
-0.025719056867373802 0.01283549363880947 0.0 
-0.023975391995009476 0.01283549363880947 0.0 
-0.02223172712264515 0.01283549363880947 0.0 
-0.020488062250280825 0.01283549363880947 0.0 
-0.018744397377916503 0.01283549363880947 0.0 
-0.017000732505552178 0.012835493638809474 0.0 
-0.015257067633187852 0.012835493638809474 0.0 
-0.013513402760823526 0.012835493638809474 0.0 
-0.011769737888459201 0.012835493638809474 0.0 
-0.010026073016094875 0.012835493638809474 0.0 
-0.00828240814373055 0.012835493638809474 0.0 
-0.006538743271366224 0.012835493638809477 0.0 
-0.004795078399001899 0.012835493638809477 0.0 
-0.0030514135266375766 0.012835493638809477 0.0 
-0.001307748654273251 0.012835493638809477 0.0 
0.00043591621809107445 0.012835493638809477 0.0 
0.0021795810904554 0.012835493638809477 0.0 
0.0039232459628197255 0.012835493638809481 0.0 
0.005666910835184051 0.012835493638809481 0.0 
0.007410575707548377 0.012835493638809481 0.0 
0.009154240579912702 0.012835493638809481 0.0 
0.010897905452277024 0.012835493638809481 0.0 
0.01264157032464135 0.012835493638809481 0.0 
0.014385235197005675 0.012835493638809481 0.0 
0.01612890006937 0.012835493638809484 0.0 
0.017872564941734326 0.012835493638809484 0.0 
0.019616229814098652 0.012835493638809484 0.0 
-0.03530921366537759 0.014345551713963532 0.0 
-0.03356554879301327 0.014345551713963532 0.0 
-0.03182188392064894 0.014345551713963532 0.0 
-0.030078219048284616 0.014345551713963532 0.0 
-0.02833455417592029 0.014345551713963536 0.0 
-0.026590889303555965 0.014345551713963536 0.0 
-0.02484722443119164 0.014345551713963536 0.0 
-0.023103559558827313 0.014345551713963536 0.0 
-0.021359894686462988 0.014345551713963536 0.0 
-0.019616229814098666 0.014345551713963536 0.0 
-0.01787256494173434 0.014345551713963539 0.0 
-0.016128900069370015 0.014345551713963539 0.0 
-0.01438523519700569 0.014345551713963539 0.0 
-0.012641570324641364 0.014345551713963539 0.0 
-0.010897905452277038 0.014345551713963539 0.0 
-0.009154240579912713 0.014345551713963539 0.0 
-0.007410575707548387 0.014345551713963543 0.0 
-0.0056669108351840615 0.014345551713963543 0.0 
-0.003923245962819739 0.014345551713963543 0.0 
-0.002179581090455414 0.014345551713963543 0.0 
-0.0004359162180910883 0.014345551713963543 0.0 
0.0013077486542732372 0.014345551713963543 0.0 
0.0030514135266375628 0.014345551713963546 0.0 
0.004795078399001888 0.014345551713963546 0.0 
0.006538743271366214 0.014345551713963546 0.0 
0.00828240814373054 0.014345551713963546 0.0 
0.010026073016094861 0.014345551713963546 0.0 
0.011769737888459187 0.014345551713963546 0.0 
0.013513402760823513 0.014345551713963546 0.0 
0.015257067633187838 0.01434555171396355 0.0 
0.017000732505552164 0.01434555171396355 0.0 
0.01874439737791649 0.01434555171396355 0.0 
-0.03618104610155976 0.015855609789117583 0.0 
-0.034437381229195436 0.015855609789117583 0.0 
-0.03269371635683111 0.015855609789117583 0.0 
-0.030950051484466785 0.015855609789117583 0.0 
-0.02920638661210246 0.015855609789117587 0.0 
-0.027462721739738134 0.015855609789117587 0.0 
-0.02571905686737381 0.015855609789117587 0.0 
-0.023975391995009483 0.015855609789117587 0.0 
-0.022231727122645158 0.015855609789117587 0.0 
-0.020488062250280836 0.015855609789117587 0.0 
-0.01874439737791651 0.01585560978911759 0.0 
-0.017000732505552184 0.01585560978911759 0.0 
-0.015257067633187859 0.01585560978911759 0.0 
-0.013513402760823533 0.01585560978911759 0.0 
-0.011769737888459208 0.01585560978911759 0.0 
-0.010026073016094882 0.01585560978911759 0.0 
-0.008282408143730557 0.015855609789117594 0.0 
-0.006538743271366231 0.015855609789117594 0.0 
-0.004795078399001909 0.015855609789117594 0.0 
-0.0030514135266375836 0.015855609789117594 0.0 
-0.001307748654273258 0.015855609789117594 0.0 
0.0004359162180910675 0.015855609789117594 0.0 
0.002179581090455393 0.015855609789117597 0.0 
0.003923245962819719 0.015855609789117597 0.0 
0.005666910835184044 0.015855609789117597 0.0 
0.00741057570754837 0.015855609789117597 0.0 
0.009154240579912692 0.015855609789117597 0.0 
0.010897905452277017 0.015855609789117597 0.0 
0.012641570324641343 0.015855609789117597 0.0 
0.014385235197005668 0.0158556097891176 0.0 
0.016128900069369994 0.0158556097891176 0.0 
0.01787256494173432 0.0158556097891176 0.0 
-0.037052878537741925 0.01736566786427164 0.0 
-0.0353092136653776 0.01736566786427164 0.0 
-0.033565548793013274 0.01736566786427164 0.0 
-0.03182188392064895 0.01736566786427164 0.0 
-0.030078219048284623 0.017365667864271645 0.0 
-0.028334554175920297 0.017365667864271645 0.0 
-0.02659088930355597 0.017365667864271645 0.0 
-0.024847224431191646 0.017365667864271645 0.0 
-0.02310355955882732 0.017365667864271645 0.0 
-0.021359894686463 0.017365667864271645 0.0 
-0.019616229814098673 0.01736566786427165 0.0 
-0.017872564941734347 0.01736566786427165 0.0 
-0.01612890006937002 0.01736566786427165 0.0 
-0.014385235197005696 0.01736566786427165 0.0 
-0.01264157032464137 0.01736566786427165 0.0 
-0.010897905452277045 0.01736566786427165 0.0 
-0.00915424057991272 0.017365667864271652 0.0 
-0.007410575707548394 0.017365667864271652 0.0 
-0.005666910835184072 0.017365667864271652 0.0 
-0.003923245962819746 0.017365667864271652 0.0 
-0.002179581090455421 0.017365667864271652 0.0 
-0.00043591621809109526 0.017365667864271652 0.0 
0.0013077486542732303 0.017365667864271656 0.0 
0.003051413526637556 0.017365667864271656 0.0 
0.004795078399001881 0.017365667864271656 0.0 
0.006538743271366207 0.017365667864271656 0.0 
0.008282408143730529 0.017365667864271656 0.0 
0.010026073016094855 0.017365667864271656 0.0 
0.01176973788845918 0.017365667864271656 0.0 
0.013513402760823506 0.01736566786427166 0.0 
0.015257067633187831 0.01736566786427166 0.0 
0.017000732505552157 0.01736566786427166 0.0 
-0.03792471097392409 0.0188757259394257 0.0 
-0.03618104610155976 0.0188757259394257 0.0 
-0.034437381229195436 0.0188757259394257 0.0 
-0.03269371635683111 0.0188757259394257 0.0 
-0.030950051484466785 0.018875725939425703 0.0 
-0.02920638661210246 0.018875725939425703 0.0 
-0.027462721739738134 0.018875725939425703 0.0 
-0.02571905686737381 0.018875725939425703 0.0 
-0.023975391995009483 0.018875725939425703 0.0 
-0.02223172712264516 0.018875725939425703 0.0 
-0.020488062250280836 0.018875725939425707 0.0 
-0.01874439737791651 0.018875725939425707 0.0 
-0.017000732505552184 0.018875725939425707 0.0 
-0.015257067633187859 0.018875725939425707 0.0 
-0.013513402760823533 0.018875725939425707 0.0 
-0.011769737888459208 0.018875725939425707 0.0 
-0.010026073016094882 0.01887572593942571 0.0 
-0.008282408143730557 0.01887572593942571 0.0 
-0.006538743271366235 0.01887572593942571 0.0 
-0.004795078399001909 0.01887572593942571 0.0 
-0.0030514135266375836 0.01887572593942571 0.0 
-0.001307748654273258 0.01887572593942571 0.0 
0.0004359162180910675 0.018875725939425714 0.0 
0.002179581090455393 0.018875725939425714 0.0 
0.003923245962819719 0.018875725939425714 0.0 
0.005666910835184044 0.018875725939425714 0.0 
0.007410575707548366 0.018875725939425714 0.0 
0.009154240579912692 0.018875725939425714 0.0 
0.010897905452277017 0.018875725939425714 0.0 
0.012641570324641343 0.018875725939425717 0.0 
0.014385235197005668 0.018875725939425717 0.0 
0.016128900069369994 0.018875725939425717 0.0 
-0.03879654341010625 0.02038578401457975 0.0 
-0.037052878537741925 0.02038578401457975 0.0 
-0.0353092136653776 0.02038578401457975 0.0 
-0.033565548793013274 0.02038578401457975 0.0 
-0.03182188392064895 0.020385784014579755 0.0 
-0.030078219048284623 0.020385784014579755 0.0 
-0.028334554175920297 0.020385784014579755 0.0 
-0.02659088930355597 0.020385784014579755 0.0 
-0.024847224431191646 0.020385784014579755 0.0 
-0.023103559558827324 0.020385784014579755 0.0 
-0.021359894686463 0.020385784014579758 0.0 
-0.019616229814098673 0.020385784014579758 0.0 
-0.017872564941734347 0.020385784014579758 0.0 
-0.01612890006937002 0.020385784014579758 0.0 
-0.014385235197005696 0.020385784014579758 0.0 
-0.01264157032464137 0.020385784014579758 0.0 
-0.010897905452277045 0.02038578401457976 0.0 
-0.00915424057991272 0.02038578401457976 0.0 
-0.0074105757075483975 0.02038578401457976 0.0 
-0.005666910835184072 0.02038578401457976 0.0 
-0.003923245962819746 0.02038578401457976 0.0 
-0.002179581090455421 0.02038578401457976 0.0 
-0.00043591621809109526 0.020385784014579765 0.0 
0.0013077486542732303 0.020385784014579765 0.0 
0.003051413526637556 0.020385784014579765 0.0 
0.004795078399001881 0.020385784014579765 0.0 
0.0065387432713662035 0.020385784014579765 0.0 
0.008282408143730529 0.020385784014579765 0.0 
0.010026073016094855 0.020385784014579765 0.0 
0.01176973788845918 0.02038578401457977 0.0 
0.013513402760823506 0.02038578401457977 0.0 
0.015257067633187831 0.02038578401457977 0.0 
-0.03966837584628841 0.02189584208973381 0.0 
-0.03792471097392409 0.02189584208973381 0.0 
-0.03618104610155976 0.02189584208973381 0.0 
-0.034437381229195436 0.02189584208973381 0.0 
-0.03269371635683111 0.021895842089733813 0.0 
-0.030950051484466785 0.021895842089733813 0.0 
-0.02920638661210246 0.021895842089733813 0.0 
-0.027462721739738134 0.021895842089733813 0.0 
-0.02571905686737381 0.021895842089733813 0.0 
-0.023975391995009487 0.021895842089733813 0.0 
-0.02223172712264516 0.021895842089733816 0.0 
-0.020488062250280836 0.021895842089733816 0.0 
-0.01874439737791651 0.021895842089733816 0.0 
-0.017000732505552184 0.021895842089733816 0.0 
-0.015257067633187859 0.021895842089733816 0.0 
-0.013513402760823533 0.021895842089733816 0.0 
-0.011769737888459208 0.02189584208973382 0.0 
-0.010026073016094882 0.02189584208973382 0.0 
-0.00828240814373056 0.02189584208973382 0.0 
-0.006538743271366235 0.02189584208973382 0.0 
-0.004795078399001909 0.02189584208973382 0.0 
-0.0030514135266375836 0.02189584208973382 0.0 
-0.001307748654273258 0.021895842089733823 0.0 
0.0004359162180910675 0.021895842089733823 0.0 
0.002179581090455393 0.021895842089733823 0.0 
0.003923245962819719 0.021895842089733823 0.0 
0.005666910835184041 0.021895842089733823 0.0 
0.007410575707548366 0.021895842089733823 0.0 
0.009154240579912692 0.021895842089733823 0.0 
0.010897905452277017 0.021895842089733827 0.0 
0.012641570324641343 0.021895842089733827 0.0 
0.014385235197005668 0.021895842089733827 0.0 
-0.040540208282470576 0.023405900164887868 0.0 
-0.03879654341010625 0.023405900164887868 0.0 
-0.037052878537741925 0.023405900164887868 0.0 
-0.0353092136653776 0.023405900164887868 0.0 
-0.033565548793013274 0.02340590016488787 0.0 
-0.03182188392064895 0.02340590016488787 0.0 
-0.030078219048284623 0.02340590016488787 0.0 
-0.028334554175920297 0.02340590016488787 0.0 
-0.02659088930355597 0.02340590016488787 0.0 
-0.02484722443119165 0.02340590016488787 0.0 
-0.023103559558827324 0.023405900164887875 0.0 
-0.021359894686463 0.023405900164887875 0.0 
-0.019616229814098673 0.023405900164887875 0.0 
-0.017872564941734347 0.023405900164887875 0.0 
-0.01612890006937002 0.023405900164887875 0.0 
-0.014385235197005696 0.023405900164887875 0.0 
-0.01264157032464137 0.023405900164887878 0.0 
-0.010897905452277045 0.023405900164887878 0.0 
-0.009154240579912723 0.023405900164887878 0.0 
-0.0074105757075483975 0.023405900164887878 0.0 
-0.005666910835184072 0.023405900164887878 0.0 
-0.003923245962819746 0.023405900164887878 0.0 
-0.002179581090455421 0.02340590016488788 0.0 
-0.00043591621809109526 0.02340590016488788 0.0 
0.0013077486542732303 0.02340590016488788 0.0 
0.003051413526637556 0.02340590016488788 0.0 
0.004795078399001878 0.02340590016488788 0.0 
0.0065387432713662035 0.02340590016488788 0.0 
0.008282408143730529 0.02340590016488788 0.0 
0.010026073016094855 0.023405900164887885 0.0 
0.01176973788845918 0.023405900164887885 0.0 
0.013513402760823506 0.023405900164887885 0.0 
